0 0.093056 0.139063 0.183333 0.083333
0 0.059259 0.304297 0.105556 0.137760
0 0.158565 0.316276 0.069907 0.107031
0 0.246065 0.314063 0.062500 0.111979
0 0.335880 0.314844 0.072685 0.116667
0 0.468519 0.309635 0.071296 0.118229
0 0.717593 0.224089 0.122222 0.084115
0 0.805093 0.379036 0.024074 0.044010
0 0.852778 0.375391 0.033333 0.044010
0 0.828935 0.378125 0.024537 0.036979
0 0.876852 0.376042 0.030556 0.046354
0 0.935648 0.370833 0.031481 0.042708
0 0.953935 0.364323 0.018981 0.043229
0 0.983565 0.366016 0.031019 0.041927
0 0.709722 0.384505 0.018519 0.029948
0 0.771991 0.388151 0.016204 0.029948
0 0.789352 0.385156 0.022222 0.038542
0 0.903704 0.370964 0.018519 0.044531
0 0.539352 0.326042 0.012037 0.010417
0 0.557407 0.330859 0.009259 0.010677
0 0.574306 0.336198 0.018056 0.010417
0 0.594676 0.335677 0.014352 0.007812
