0 0.237500 0.441016 0.225926 0.115885
0 0.519213 0.538932 0.118056 0.122135
0 0.686806 0.582943 0.113426 0.114844
0 0.847454 0.639583 0.115278 0.135417
0 0.798380 0.506250 0.077315 0.050521
0 0.834028 0.551302 0.069907 0.100521
0 0.109722 0.326302 0.218519 0.058333
0 0.757639 0.288932 0.117130 0.035677
0 0.672222 0.239714 0.129630 0.030990
0 0.581481 0.215234 0.124074 0.022135
0 0.505787 0.192057 0.116204 0.037760
0 0.109028 0.116406 0.099537 0.018229
0 0.038426 0.097786 0.075926 0.016927
0 0.065741 0.108203 0.097222 0.011198
0 0.155787 0.137630 0.102315 0.016927
0 0.201620 0.151432 0.103241 0.017969
0 0.304630 0.173568 0.097222 0.021615
0 0.368750 0.182292 0.110648 0.021354
0 0.762269 0.216536 0.030093 0.031510
0 0.797454 0.223438 0.026389 0.027083
0 0.915972 0.241276 0.032870 0.033073
0 0.963194 0.250260 0.032870 0.032813
0 0.694676 0.201432 0.023611 0.026823
0 0.592361 0.183333 0.039352 0.025521
0 0.978009 0.733203 0.043981 0.092969
0 0.985648 0.607161 0.028704 0.088802
