0 0.249769 0.425651 0.287500 0.048177
0 0.138657 0.423698 0.257870 0.059896
0 0.084491 0.372005 0.168056 0.036198
0 0.040278 0.332422 0.079630 0.035156
0 0.386343 0.520312 0.297685 0.071875
0 0.562731 0.599870 0.310648 0.101302
0 0.777778 0.698307 0.348148 0.124740
0 0.425463 0.255599 0.111111 0.021615
0 0.495602 0.287891 0.103241 0.016406
0 0.567593 0.309505 0.104630 0.023177
0 0.653935 0.329036 0.103241 0.029948
0 0.743287 0.353906 0.102315 0.018750
0 0.840509 0.379688 0.097685 0.025000
0 0.962500 0.389193 0.075000 0.028385
