0 0.066204 0.293099 0.131481 0.053906
0 0.165972 0.312891 0.302315 0.074219
0 0.326157 0.343880 0.264352 0.038802
0 0.443750 0.337891 0.232870 0.062240
0 0.251620 0.731380 0.243981 0.045052
0 0.396296 0.682161 0.212037 0.053385
0 0.497454 0.652214 0.197685 0.039323
0 0.576389 0.624089 0.175000 0.042448
0 0.066204 0.551302 0.098148 0.038021
0 0.645370 0.601172 0.165741 0.023698
0 0.687037 0.557422 0.152778 0.029948
0 0.142824 0.539583 0.095833 0.028646
0 0.221759 0.530729 0.082407 0.031250
0 0.504630 0.502344 0.083333 0.017708
0 0.384491 0.522656 0.080093 0.017708
0 0.337037 0.528776 0.073148 0.015885
0 0.431944 0.517969 0.082407 0.011979
0 0.471528 0.512630 0.084722 0.010156
0 0.768981 0.534896 0.214815 0.031771
0 0.604630 0.353125 0.190741 0.040625
0 0.440278 0.027604 0.237037 0.052604
0 0.533565 0.062370 0.218056 0.062240
0 0.604630 0.098828 0.200000 0.042448
0 0.662269 0.119141 0.181944 0.047656
0 0.707407 0.143880 0.163889 0.033594
0 0.754861 0.164714 0.156944 0.027344
0 0.845602 0.214453 0.126389 0.015885
0 0.869907 0.225911 0.123148 0.016406
0 0.900000 0.238281 0.124074 0.020313
0 0.916204 0.246745 0.112037 0.012240
0 0.922917 0.254688 0.089352 0.015104
0 0.705324 0.483984 0.064352 0.009115
0 0.645833 0.492188 0.070370 0.008854
0 0.877778 0.518620 0.107407 0.018490
0 0.691667 0.361458 0.123148 0.031771
0 0.753704 0.362109 0.150000 0.036719
0 0.791435 0.369010 0.135648 0.025521
0 0.838889 0.373698 0.103704 0.028646
0 0.928704 0.374089 0.087037 0.034115
0 0.934491 0.503385 0.095833 0.023438
