0 0.055599 0.562731 0.110677 0.522685
0 0.183073 0.499306 0.067187 0.410648
0 0.273307 0.573843 0.067969 0.536574
0 0.338411 0.507407 0.057031 0.391667
0 0.491276 0.576157 0.100781 0.546759
0 0.717448 0.584954 0.089063 0.552315
0 0.939063 0.587269 0.104167 0.559722
0 0.840885 0.518519 0.053646 0.399074
0 0.587109 0.446759 0.021615 0.085185
0 0.624089 0.449074 0.021615 0.089815
0 0.551042 0.447685 0.028646 0.077778
0 0.447266 0.441667 0.017448 0.083333
0 0.411068 0.443981 0.021094 0.082407
0 0.376172 0.440046 0.025260 0.083796
0 0.231380 0.437037 0.022656 0.080556
0 0.120443 0.428935 0.014323 0.081944
0 0.874479 0.415509 0.015104 0.052315
