0 0.599306 0.039453 0.056019 0.036719
0 0.515509 0.043099 0.092130 0.028906
0 0.466898 0.061589 0.072685 0.033594
0 0.406713 0.064974 0.062500 0.034115
0 0.162269 0.373828 0.166204 0.054427
0 0.429861 0.335026 0.027315 0.032031
0 0.462500 0.343359 0.024074 0.036198
0 0.513657 0.353646 0.035648 0.040104
0 0.555093 0.361198 0.040741 0.041667
0 0.598611 0.370312 0.039815 0.044271
0 0.659954 0.382292 0.048611 0.046354
0 0.723148 0.391276 0.053704 0.046094
0 0.807407 0.410156 0.055556 0.051042
0 0.972454 0.442578 0.055093 0.054427
0 0.858796 0.391536 0.032407 0.045052
0 0.903472 0.408594 0.029167 0.045833
0 0.870370 0.426563 0.040741 0.047917
0 0.356944 0.319010 0.014815 0.024479
0 0.852546 0.659766 0.088426 0.022656
0 0.789583 0.559375 0.077315 0.016146
0 0.270602 0.086458 0.031944 0.025000
0 0.247454 0.078516 0.038426 0.025781
0 0.205556 0.081641 0.041667 0.022656
0 0.159491 0.089193 0.046759 0.029427
0 0.132407 0.090234 0.037037 0.019531
0 0.106250 0.092057 0.026389 0.017969
0 0.084491 0.095964 0.025463 0.021615
0 0.067593 0.100781 0.020370 0.018750
0 0.046991 0.099219 0.017130 0.013021
0 0.014815 0.100911 0.028704 0.020052
0 0.031944 0.096745 0.026852 0.012760
0 0.670370 0.020833 0.061111 0.041146
0 0.762963 0.023307 0.094444 0.024740
0 0.849074 0.010677 0.058333 0.020833
0 0.961574 0.012891 0.068519 0.025260
