0 0.037963 0.456510 0.044444 0.099479
0 0.105787 0.461849 0.052315 0.103385
0 0.184259 0.486589 0.092593 0.139844
0 0.280556 0.476172 0.073148 0.117448
0 0.376157 0.482292 0.044907 0.126042
0 0.436111 0.510938 0.113889 0.167187
0 0.627778 0.502865 0.085185 0.145833
0 0.687731 0.507943 0.031944 0.013802
0 0.784954 0.518359 0.093056 0.148177
0 0.864120 0.553255 0.094907 0.220573
0 0.960880 0.531771 0.078241 0.178646
0 0.693519 0.439714 0.030556 0.036719
0 0.734259 0.441406 0.019444 0.040625
0 0.763657 0.443490 0.020833 0.041146
0 0.960648 0.449870 0.012963 0.039844
0 0.569213 0.394792 0.064352 0.011979
0 0.590972 0.399219 0.024537 0.016667
0 0.330556 0.389453 0.043519 0.013281
