0 0.820833 0.416406 0.135185 0.201042
0 0.687269 0.425000 0.133796 0.183854
0 0.522685 0.446094 0.110185 0.165625
0 0.560648 0.438281 0.062963 0.125000
0 0.392593 0.467448 0.127778 0.145833
0 0.423148 0.462760 0.063889 0.125521
0 0.317824 0.477474 0.087500 0.115885
0 0.262500 0.485417 0.094444 0.135937
0 0.230787 0.489974 0.078241 0.108073
0 0.165278 0.497396 0.093519 0.127083
0 0.142593 0.501823 0.050926 0.095833
0 0.082176 0.509766 0.103241 0.119531
0 0.026620 0.515885 0.052315 0.120833
0 0.967593 0.403646 0.064815 0.178646
