0 0.598380 0.431641 0.143056 0.167969
0 0.730556 0.417708 0.092593 0.190625
0 0.755556 0.433984 0.106481 0.097656
0 0.930324 0.405599 0.093056 0.218490
0 0.877546 0.392839 0.070833 0.167448
0 0.443981 0.452214 0.126852 0.157552
0 0.486574 0.450391 0.083333 0.126823
0 0.310880 0.472396 0.093056 0.145313
0 0.364583 0.469531 0.081019 0.118229
0 0.276389 0.482682 0.094444 0.112240
0 0.210417 0.489714 0.101389 0.128385
0 0.172685 0.496224 0.059259 0.101823
0 0.125463 0.502474 0.111111 0.121615
0 0.032870 0.518750 0.064815 0.111979
