0 0.486328 0.548611 0.107552 0.562963
0 0.717318 0.540972 0.121094 0.566204
0 0.656380 0.470833 0.064844 0.368519
0 0.834505 0.490741 0.066406 0.397222
0 0.951302 0.543750 0.093229 0.568981
0 0.547656 0.428935 0.025000 0.088426
0 0.405339 0.427546 0.014323 0.088426
0 0.439714 0.426620 0.017448 0.083796
0 0.368229 0.431250 0.017708 0.086574
0 0.220833 0.426157 0.016667 0.091204
0 0.108333 0.425463 0.016667 0.092593
0 0.585417 0.427546 0.013542 0.093981
0 0.571224 0.421528 0.020052 0.076389
0 0.876563 0.346065 0.020833 0.056944
0 0.912240 0.285417 0.031771 0.052315
0 0.904167 0.341667 0.032813 0.050926
0 0.783203 0.393056 0.014323 0.043519
0 0.193099 0.418519 0.020052 0.085185
0 0.058073 0.549306 0.115625 0.573611
0 0.268359 0.549074 0.074740 0.567593
0 0.335938 0.490278 0.065625 0.404630
0 0.165365 0.485880 0.095833 0.410648
