0 0.096991 0.593880 0.090278 0.082552
0 0.288426 0.583464 0.088889 0.079427
0 0.372222 0.501563 0.066667 0.055208
0 0.236111 0.500260 0.051852 0.051562
0 0.460185 0.534375 0.082407 0.078125
0 0.596528 0.568490 0.084722 0.069792
0 0.746296 0.566276 0.072222 0.070573
0 0.957407 0.546875 0.076852 0.076042
0 0.690046 0.471875 0.049537 0.045833
0 0.492824 0.484896 0.039352 0.023438
0 0.626157 0.487760 0.034722 0.022917
0 0.427778 0.033984 0.149074 0.061719
0 0.612963 0.049219 0.092593 0.093229
0 0.848148 0.048568 0.076852 0.074219
0 0.169444 0.012891 0.139815 0.025260
0 0.976389 0.052995 0.047222 0.053906
0 0.136111 0.491927 0.021296 0.028646
