0 0.026157 0.542318 0.051389 0.072135
0 0.158102 0.548698 0.068056 0.073438
0 0.318287 0.563542 0.074537 0.071875
0 0.456481 0.589714 0.095370 0.081510
0 0.617130 0.591797 0.088889 0.079427
0 0.437500 0.468880 0.057407 0.041406
0 0.558333 0.501563 0.058333 0.049479
0 0.683102 0.511458 0.049537 0.053646
0 0.806019 0.603255 0.093519 0.080990
0 0.940741 0.521615 0.066667 0.056250
0 0.973380 0.570182 0.053241 0.086719
0 0.888657 0.025781 0.143056 0.051042
0 0.534954 0.025260 0.105093 0.050000
0 0.372222 0.035156 0.118519 0.069792
0 0.093519 0.025521 0.151852 0.050521
0 0.219676 0.471745 0.048611 0.035156
